4937.02 453
4048 453
4940.03 453
4915.01 453
4048.01 453
4915.02 453
4051.02 875
4048.02 453
4915.03 453
4051.03 787
4048.03 453
4915.04 453
4146.04 775
4048.04 850
4915.05 775
4051.05 791
4068 453
4069 453
4770 453
4984.02 875
4069.01 453
4069.02 774
4959.03 931
4047.01 453
4838.05 859
4959.05 775
4047.04 453
4047.05 453
4947.02 815
4947.03 863
4925.04 775
4145 775
4068.01 787
4068.02 775
4835 791
4144.01 735
4046.01 775
4068.04 783
4914.01 453
4046.03 774
4914.02 453
4914.03 453
4046.05 453
4914.04 453
4914.05 453
3702.03 453
3684.03 875
3702.04 453
4946.05 775
4840.01 979
4067.03 453
4045.02 453
4067.04 453
4045.03 754
4837.03 835
4913.01 453
4913.02 453
4911 453
4045.04 775
4894.05 978
4913.03 453
4912 453
4913.04 453
4913.05 453
3683.05 453
4836.02 763
4912.01 453
4909.01 453
4836.04 775
4912.02 453
4909.02 453
4912.03 453
4909.03 453
4077.01 839
4912.04 453
4909.04 453
4909.05 453
4912.06 453
4909.06 453
4055.01 774
4055.02 782
4077.05 867
4956 774
4835.01 453
4908.01 453
4835.04 453
4044.01 453
4911.02 453
4908.02 453
4933.05 827
4044.02 775
4911.03 453
4908.03 453
4911.04 453
4908.04 453
4044.04 1031
4911.05 453
4908.05 453
4769.05 453
4054.01 811
4944.05 453
4878.04 979
3732.05 775
4929.01 774
4010.03 775
4929.02 453
4910.01 453
4138.01 775
4929.04 775
4834.04 731
4910.02 453
4929.05 774
4043.02 453
4910.03 453
4907.03 453
4043.03 453
4910.04 453
4907.04 453
4043.04 453
4910.05 453
4907.05 453
4043.05 453
4907.06 453
4043.06 453
4943.02 871
4943.03 774
4943.05 774
4086.02 826
4039.02 739
4137.04 775
4039.06 1011
4942.02 1222
4942.03 774
4939.03 453
4942.05 775
4041.01 807
4041.02 1031
4931.02 787
4908 453
4770.01 453
4909 453
4770.02 453
4041.04 774
4038.04 811
4770.03 453
4038.06 453
4938.04 453
4941.05 453
4929 911
4052.05 774
3686.03 774
3730.04 453
4084.05 775
4945 906
4040.01 775
4040.02 743
4040.04 930
4047 453
