4113.04 200
4095.03 200
3642.06 200
3639.06 200
3620.04 200
3617.04 200
4940.02 200
4113.05 200
4073.02 200
3992.01 200
3989.01 200
4719.01 200
4503.02 200
4051.01 200
4048.01 200
3912.03 200
3909.03 200
3871.03 200
3868.03 200
4940.04 200
4937.04 200
4897.01 200
4668.06 200
4427.05 200
4073.04 200
3846.02 200
4485.03 200
4525.06 200
4430.06 200
4026.01 200
3751.03 200
4995.03 200
4973.01 200
3751.04 200
3748.04 200
3726.02 200
4540 200
3922.03 200
3919.03 200
4951.01 200
4915.06 200
4722.06 200
4681.06 200
4624.06 200
4541 200
4463.04 200
4124.04 200
3980.01 200
3977.01 200
3900.02 200
3784.01 200
4951.02 200
4948.02 200
4710.01 200
4707.01 200
4612.01 200
4609.01 200
4514.01 200
4542 200
4124.05 200
4102.03 200
4036.01 200
4026.05 200
3882.02 200
3879.02 200
3704.03 200
4948.03 200
4561.06 200
4558.06 200
4543 200
3955.01 200
3631.06 200
3628.06 200
3606.04 200
5007.03 200
4441.05 200
4544 200
4102.05 200
3960 200
4926.03 200
4904.01 200
4545 200
4536.06 200
4094.01 200
4014.02 200
3860.03 200
3857.03 200
3794.01 200
3762.03 200
3759.03 200
5010.05 200
4546 200
4036.05 200
3933.02 200
3835.02 200
4926.05 200
4547 200
4451.04 200
4448.04 200
4094.03 200
3963 200
3641.06 200
3638.06 200
3616.04 200
4962.01 200
4959.01 200
4548 200
4448.05 200
4072.02 200
3991.01 200
3988.01 200
3908.02 200
4718.01 200
4502.02 200
4050.01 200
4047.01 200
3911.03 200
3893.02 200
4896.01 200
4572.06 200
4569.06 200
4502.03 200
4072.04 200
4069.04 200
3966.01 200
3845.02 200
4601.01 200
4484.03 200
4025.01 200
3813.05 200
3750.03 200
4994.03 200
4972.01 200
4969.01 200
3750.04 200
3747.04 200
3725.02 200
3969 200
3944.02 200
3652.05 200
4721.06 200
4623.06 200
4582.06 200
4579.06 200
4462.04 200
4123.04 200
3983 200
3976.01 200
3783.01 200
3627.04 200
4950.02 200
4611.01 200
4608.01 200
4513.01 200
4123.05 200
4101.03 200
4025.05 200
3984 200
3881.02 200
3878.02 200
3823.05 200
3770 200
3703.03 200
4947.03 200
4560.06 200
4557.06 200
4083.03 200
3954.01 200
3878.03 200
3771 200
3630.06 200
3605.04 200
5006.03 200
4440.05 200
4101.05 200
3772 200
4903.01 200
4584 200
4495.03 200
4535.06 200
4437.06 200
4473.01 200
4093.01 200
4013.02 200
3856.03 200
3773 200
3761.03 200
3758.03 200
4585 200
4061.04 200
4058.04 200
3834.02 200
3774 200
3736.02 200
4925.05 200
4586 200
4134.03 200
4093.03 200
3929.03 200
3775 200
3768.01 200
3615.04 200
5039.02 200
4961.01 200
4958.01 200
4587 200
4071.02 200
3990.01 200
3987.01 200
3776 200
3736.04 200
3714.02 200
4717.01 200
4588 200
4046.01 200
3910.03 200
3907.03 200
3892.02 200
3889.02 200
3777 200
4895.01 200
4589 200
4571.06 200
4568.06 200
4112.04 200
4109.04 200
4071.04 200
4068.04 200
3965.01 200
4600.01 200
4483.03 200
4112.05 200
4109.05 200
4024.01 200
3812.05 200
3809.05 200
4971.01 200
4968.01 200
4958.05 200
3870.03 200
3867.03 200
3746.04 200
3724.02 200
4936.04 200
4411 200
3943.02 200
3899.02 200
4720.06 200
4622.06 200
4619.06 200
4461.04 200
4458.04 200
4412 200
4524.06 200
4122.04 200
4024.04 200
3782.01 200
3779.01 200
3626.04 200
4640 200
4607.01 200
4413 200
4122.05 200
4119.05 200
4100.03 200
3880.02 200
3877.02 200
3702.03 200
4946.03 200
4641 200
4512.02 200
4509.02 200
4414 200
4556.06 200
4082.03 200
4079.03 200
3953.01 200
3921.03 200
3918.03 200
3877.03 200
3604.04 200
4914.06 200
4680.06 200
4642 200
4079.04 200
4902.01 200
4706.01 200
4643 200
4494.03 200
4534.06 200
4436.06 200
4472.01 200
4469.01 200
4035.01 200
3855.03 200
3760.03 200
3757.03 200
4644 200
4060.04 200
4057.04 200
3833.02 200
3735.02 200
4924.05 200
4645 200
4133.03 200
3931.03 200
3928.03 200
5038.02 200
4960.01 200
4957.01 200
4728.06 200
4646 200
4133.04 200
4070.02 200
3986.01 200
3793.01 200
3735.04 200
3713.02 200
4716.01 200
4647 200
4479.01 200
4045.01 200
4035.05 200
3906.03 200
3891.02 200
3888.02 200
4648 200
4570.06 200
4567.06 200
4450.04 200
4447.04 200
4111.04 200
4108.04 200
4070.04 200
4067.04 200
3964.01 200
3640.06 200
3637.06 200
4649 200
4447.05 200
4482.03 200
4111.05 200
4108.05 200
4023.01 200
3811.05 200
4957.05 200
3866.03 200
3723.02 200
4935.04 200
4664 200
4501.03 200
4118.03 200
4010 200
3942.02 200
3939.02 200
3844.02 200
4665 200
4621.06 200
4618.06 200
4523.06 200
4460.04 200
4457.04 200
4121.04 200
4011 200
3781.01 200
3778.01 200
3625.04 200
3603.02 200
4993.03 200
4666 200
4121.05 200
4118.05 200
4012 200
4680 200
4667 200
4511.02 200
4508.02 200
4081.03 200
4056.01 200
4013 200
3920.03 200
3917.03 200
3876.03 200
3629 200
4913.06 200
4668 200
4581.06 200
4578.06 200
4081.04 200
4078.04 200
4014 200
3975.01 200
3854.02 200
4901.01 200
4705.01 200
4610.01 200
4471.01 200
4468.01 200
4493.03 200
4435.06 200
4034.01 200
4015 200
3822.05 200
3819.05 200
3756.03 200
4016 200
3832.02 200
3829.02 200
3734.02 200
5005.03 200
4923.05 200
4413.06 200
4132.03 200
4017 200
5037.02 200
4956.01 200
4727.06 200
4132.04 200
4129.04 200
4092.01 200
4089.01 200
4018 200
4012.02 200
3985.01 200
3792.01 200
3789.01 200
3734.04 200
3712.02 200
3709.02 200
4519.01 200
4034.05 200
4019 200
3905.03 200
3890.02 200
3887.02 200
3709.03 200
4599.01 200
4566.06 200
4110.04 200
4107.04 200
4092.03 200
4089.03 200
3767.01 200
3636.06 200
3614.04 200
4688 200
4446.05 200
4110.05 200
4107.05 200
4022.01 200
4019.01 200
3810.05 200
4956.05 200
4909.01 200
4689 200
3865.03 200
5015.05 200
4934.04 200
4500.03 200
3941.02 200
3938.02 200
3843.02 200
3745.02 200
4934.05 200
4620.06 200
4617.06 200
4522.06 200
4143.03 200
4099.03 200
3780.01 200
3624.04 200
3602.02 200
4992.03 200
4970.01 200
4967.01 200
3745.04 200
4080.03 200
4055.01 200
4022.06 200
3916.03 200
3898.02 200
3679.03 200
4580.06 200
4577.06 200
4489.02 200
4099.06 200
4080.04 200
4077.04 200
3974.01 200
3679.04 200
4704.01 200
4606.01 200
4434.06 200
4470.01 200
4492.03 200
4033.01 200
3821.05 200
3818.05 200
3755.03 200
4999.03 200
3831.02 200
3828.02 200
3733.02 200
5004.03 200
4955.01 200
4726.06 200
4628.06 200
4533.06 200
4128.04 200
4091.01 200
4088.01 200
4011.02 200
3949.03 200
3791.01 200
3733.04 200
3711.02 200
3708.02 200
4518.01 200
4033.05 200
3886.02 200
3708.03 200
3635.05 200
4565.06 200
4106.04 200
4091.03 200
4088.03 200
3962.01 200
3959.01 200
3930.03 200
3927.03 200
3766.01 200
3613.04 200
4933.02 200
4686.06 200
4445.05 200
4106.05 200
4715.01 200
4478.01 200
4044.01 200
3864.03 200
5014.05 200
4521.05 200
4478.02 200
4066.04 200
3940.02 200
3937.02 200
3842.02 200
3839.02 200
3744.02 200
4933.05 200
4616.06 200
4481.03 200
4142.03 200
4098.03 200
3601.02 200
4966.01 200
4550 200
4142.04 200
4139.04 200
4076.02 200
3744.04 200
3722.02 200
3719.02 200
4538 200
4551 200
4117.03 200
4054.01 200
3915.03 200
3897.02 200
3681.03 200
4576.06 200
4539 200
4488.02 200
4552 200
4456.04 200
4120.04 200
4098.06 200
4076.04 200
3973.01 200
3681.04 200
4605.01 200
4491.03 200
4553 200
4120.05 200
4117.05 200
4032.01 200
4029.01 200
3820.05 200
3817.05 200
3754.03 200
4703.02 200
4510.02 200
4507.02 200
4554 200
3875.03 200
3732.02 200
3729.02 200
5003.03 200
4944.04 200
4555 200
3853.02 200
3732.03 200
3700.05 200
4954.01 200
4900.01 200
4725.06 200
4663.01 200
4627.06 200
4466.04 200
4556 200
4532.06 200
4529.06 200
4130.04 200
4127.04 200
4090.01 200
4087.01 200
4054.06 200
3948.03 200
3790.01 200
3787.01 200
3710.02 200
3707.02 200
3700.06 200
4954.02 200
4517.01 200
4557 200
4032.05 200
4029.05 200
3885.02 200
3707.03 200
4932.01 200
4922.05 200
4558 200
4520.02 200
4105.04 200
4087.03 200
3926.03 200
3765.01 200
3634.06 200
3612.04 200
3609.04 200
4919.06 200
4685.06 200
4559 200
4444.05 200
4105.05 200
4090.04 200
4910.01 200
4714.01 200
4499.03 200
4477.01 200
4043.01 200
3904.03 200
3863.03 200
4477.02 200
4065.04 200
3936.02 200
3841.02 200
3838.02 200
3743.02 200
4932.05 200
4480.03 200
4021.01 200
4018.01 200
4965.01 200
4141.04 200
3743.04 200
3721.02 200
3718.02 200
4610 200
4116.03 200
4053.01 200
3914.03 200
3896.02 200
3680.03 200
4611 200
4591 200
4575.06 200
4455.04 200
3972.01 200
3680.04 200
3623.04 200
4612 200
4604.01 200
4592 200
4116.05 200
4031.01 200
4028.01 200
3995 200
3816.05 200
4702.02 200
4613 200
4593 200
4506.02 200
4053.04 200
4021.06 200
3996 200
3874.03 200
3769 200
5002.03 200
4943.04 200
4594 200
3997 200
3947.02 200
3852.02 200
3849.02 200
4724.06 200
4662.01 200
4626.06 200
4595 200
4528.06 200
4465.04 200
4433.06 200
4531.06 200
3998 200
3786.01 200
4998.03 200
4596 200
4031.05 200
4028.05 200
3999 200
3830.02 200
3827.02 200
3706.03 200
4921.05 200
4630 200
4597 200
4104.04 200
4086.03 200
3925.03 200
3633.06 200
3611.04 200
3608.04 200
4918.06 200
4684.06 200
4631 200
4598 200
4104.05 200
4906.01 200
4713.01 200
4632 200
4498.03 200
4042.01 200
3903.03 200
3862.03 200
3859.03 200
3788 200
4633 200
4564.06 200
4476.02 200
4064.04 200
3961.01 200
3958.01 200
3840.02 200
3837.02 200
3742.02 200
3739.02 200
3666.04 200
4634 200
4042.03 200
4020.01 200
4964.01 200
4635 200
4140.04 200
4017.02 200
3993.01 200
3797.01 200
3742.04 200
3739.04 200
3720.02 200
3717.02 200
5013.05 200
4636 200
4115.03 200
4039.05 200
3895.02 200
3644.05 200
4650 200
4637 200
4615.06 200
4574.06 200
4454.04 200
4097.03 200
3971.01 200
3968.01 200
3622.04 200
3619.04 200
3600.02 200
4651 200
4638 200
4603.01 200
4115.05 200
4075.02 200
4030.01 200
4027.01 200
3815.05 200
4939.03 200
4652 200
4639 200
4505.02 200
3873.03 200
3699.05 200
5001.03 200
4942.04 200
4939.04 200
4899.01 200
4653 200
4487.02 200
4097.06 200
4075.04 200
3946.02 200
3851.02 200
3848.02 200
4661.01 200
4658.01 200
4654 200
4625.06 200
4490.03 200
4530.06 200
4527.06 200
4432.06 200
4429.06 200
4000 200
3785.01 200
3753.03 200
4997.03 200
4975.01 200
4655 200
4030.05 200
4027.05 200
4001 200
3731.02 200
3728.02 200
3630 200
4920.05 200
4656 200
4085.03 200
4002 200
3924.03 200
3731.03 200
3632.06 200
3610.04 200
3607.04 200
4953.01 200
4917.06 200
4683.06 200
4670 200
4657 200
4126.04 200
4085.04 200
4003 200
3982.01 200
3979.01 200
4953.02 200
4712.01 200
4709.01 200
4671 200
4475.01 200
4497.03 200
4516.01 200
4126.05 200
4038.01 200
4004 200
3902.03 200
3884.02 200
3763.03 200
4672 200
4659 200
4563.06 200
4475.02 200
4063.04 200
4005 200
3957.01 200
3741.02 200
3738.02 200
5009.03 200
4673 200
4136.03 200
4006 200
4963.01 200
4928.03 200
4674 200
4096.01 200
4020 200
4016.02 200
4007 200
3796.01 200
3741.04 200
3738.04 200
3716.02 200
5012.05 200
4114.03 200
4038.05 200
4021 200
4008 200
3935.02 200
3894.02 200
4938.01 200
4931.05 200
4928.05 200
4676 200
4614.06 200
4573.06 200
4453.04 200
4096.03 200
4009 200
3970.01 200
3967.01 200
3643.06 200
3621.04 200
3618.04 200
4941.02 200
4690 200
4677 200
4602.01 200
4114.05 200
4074.02 200
3814.05 200
4691 200
4678 200
4504.02 200
4548.06 200
4052.01 200
4049.01 200
3913.03 200
3872.03 200
3869.03 200
5000.03 200
4941.04 200
4938.04 200
4898.01 200
4692 200
4679 200
4074.04 200
3945.02 200
3850.02 200
3847.02 200
4693 200
4660.01 200
4486.03 200
4526.06 200
4431.06 200
4428.06 200
3752.03 200
3749.03 200
4996.03 200
4974.01 200
4701.02 200
4694 200
3825.02 200
3752.04 200
3749.04 200
3730.02 200
3727.02 200
4695 200
4084.03 200
3923.03 200
3825.03 200
4952.01 200
4916.06 200
4723.06 200
4696 200
4682.06 200
4464.04 200
4125.04 200
3981.01 200
3978.01 200
3901.02 200
4952.02 200
4711.01 200
4708.01 200
4697 200
4474.01 200
4496.03 200
4515.01 200
4125.05 200
4103.03 200
4037.01 200
3883.02 200
3705.03 200
4698 200
4562.06 200
4559.06 200
4062.04 200
4059.04 200
3956.01 200
3740.02 200
3737.02 200
5008.03 200
4442.05 200
4439.05 200
4135.03 200
4103.05 200
4927.03 200
4905.01 200
4095.01 200
4015.02 200
3861.03 200
3858.03 200
3795.01 200
3740.04 200
3737.04 200
3715.02 200
5011.05 200
4930.04 200
4037.05 200
3934.02 200
3836.02 200
4930.05 200
4927.05 200
4452.04 200
4449.04 200

3934.03 200
3836.03 200
3773.01 200
4927.06 200
4522 200
4452.05 200
4449.05 200
4113.05 200
4095.04 200
3992.01 200
3989.01 200
3620.05 200
3617.05 200
4940.03 200
4915.01 200
4722.01 200
4681.01 200
4678.01 200
4624.01 200
4583.01 200
4523 200
4113.06 200
4073.03 200
3912.03 200
3909.03 200
3868.03 200
4719.02 200
4503.03 200
4524 200
4051.02 200
4048.02 200
3871.04 200
4940.05 200
4937.05 200
4897.02 200
4656.01 200
4485.03 200
4561.01 200
4558.01 200
4525 200
4073.05 200
3846.03 200
3631.01 200
3628.01 200
4485.04 200
4526 200
4026.02 200
3999.01 200
3751.04 200
3748.04 200
3653.04 200
4995.04 200
4973.02 200
4634.01 200
4536.01 200
4527 200
4438.01 200
4004.01 200
3824.03 200
3751.05 200
3748.05 200
3726.03 200
4528 200
3977.01 200
3922.04 200
3919.04 200
3784.01 200
4951.02 200
4612.01 200
4609.01 200
4529 200
4463.05 200
4124.05 200
4026.05 200
3980.02 200
3900.03 200
3704.03 200
3641.01 200
3638.01 200
4951.03 200
4948.03 200
4710.02 200
4707.02 200
4692.01 200
4689.01 200
4609.02 200
4594.01 200
4514.02 200
4124.06 200
4102.04 200
4036.02 200
3955.01 200
3882.03 200
3879.03 200
3704.04 200
4948.04 200
4014.01 200
3606.05 200
5007.04 200
4670.01 200
4667.01 200
4572.01 200
4569.01 200
4441.06 200
4102.06 200
3860.03 200
3762.03 200
3759.03 200
4926.04 200
4904.02 200
4094.02 200
4036.05 200
4014.03 200
3857.04 200
3794.02 200
3759.04 200
4645.01 200
4550.01 200
4547.01 200
3933.03 200
3835.03 200
3772.01 200
3769.01 200
4926.06 200
4451.05 200
4448.05 200
4094.04 200
3991.01 200
3988.01 200
3616.05 200
4962.02 200
4959.02 200
4721.01 200
4623.01 200
4582.01 200
4579.01 200
4072.03 200
3911.03 200
3908.03 200
4718.02 200
4502.03 200
4050.02 200
4047.02 200
3966.01 200
3893.03 200
4896.02 200
4601.01 200
4560.01 200
4557.01 200
4072.05 200
4069.05 200
3845.03 200
3630.01 200
4484.04 200
4025.02 200
3750.04 200
4994.04 200
4972.02 200
4969.02 200
4633.01 200
4535.01 200
4437.01 200
4003.01 200
3750.05 200
3747.05 200
3725.03 200
3976.01 200
3944.03 200
3783.01 200
4950.02 200
4611.01 200
4462.05 200
4459.05 200
4123.05 200
4025.05 200
3703.03 200
4950.03 200
4691.01 200
4688.01 200
4608.02 200
4593.01 200
4513.02 200
4123.06 200
4101.04 200
3954.01 200
3881.03 200
3878.03 200
3703.04 200
4947.04 200
4083.04 200
4013.01 200
3605.05 200
5006.04 200
4666.01 200
4571.01 200
4568.01 200
4440.06 200
4101.06 200
3761.03 200
3758.03 200
4903.02 200
4473.02 200
4495.04 200
4093.02 200
4013.03 200
3856.04 200
3761.04 200
3758.04 200
4644.01 200
4546.01 200
4061.05 200
4058.05 200
3932.03 200
3834.03 200
3771.01 200
3768.01 200
3736.03 200
4925.06 200
4134.04 200
4093.04 200
3990.01 200
3987.01 200
3929.04 200
3615.05 200
5039.03 200
4961.02 200
4958.02 200
4622.01 200
4619.01 200
4071.03 200
3910.03 200
3907.03 200
3810 200
3736.05 200
3714.03 200
4717.02 200
4046.02 200
3965.01 200
3892.03 200
3889.03 200
3811 200
4895.02 200
4556.01 200
4112.05 200
4109.05 200
4071.05 200
4068.05 200
3812 200
4914.01 200
4680.01 200
4677.01 200
4600.02 200
4483.04 200
4112.06 200
4109.06 200
4024.02 200
3867.03 200
3813 200
4971.02 200
4968.02 200
4436.01 200
4534.01 200
4100.01 200
4002.01 200
3870.04 200
3814 200
3746.05 200
3724.03 200
4936.05 200
4655.01 200
3943.03 200
3899.03 200
3815 200
3782.01 200
3779.01 200
5011 200
4461.05 200
4414.01 200
4122.05 200
4119.05 200
4024.05 200
3998.01 200
3816 200
3626.05 200
5012 200
4728.01 200
4690.01 200
4687.01 200
4607.02 200
4592.01 200
4589.01 200
4512.02 200
4509.02 200
4122.06 200
4119.06 200
4100.04 200
3953.01 200
3880.03 200
3877.03 200
3817 200
3702.04 200
5013 200
4946.04 200
4509.03 200
4082.04 200
4079.04 200
3921.04 200
3918.04 200
3818 200
3604.05 200
5014 200
4665.01 200
4570.01 200
4567.01 200
4079.05 200
3855.03 200
3819 200
3760.03 200
3640.01 200
3637.01 200
5015 200
4902.02 200
4706.02 200
4494.04 200
4472.02 200
4469.02 200
4035.02 200
3760.04 200
3757.04 200
5016 200
4643.01 200
4545.01 200
4060.05 200
4057.05 200
3833.03 200
3735.03 200
4924.06 200
4133.04 200
3986.01 200
3928.04 200
5038.03 200
4960.02 200
4957.02 200
4621.01 200
4618.01 200
4070.03 200
4035.05 200
3906.03 200
3793.02 200
3735.05 200
3713.03 200
4716.02 200
4698.01 200
4479.02 200
4045.02 200
3964.01 200
3891.03 200
3888.03 200
4450.05 200
4447.05 200
4111.05 200
4108.05 200
4070.05 200
4067.05 200
4023.01 200
4676.01 200
4581.01 200
4578.01 200
4482.04 200
4111.06 200
4108.06 200
4023.02 200
3866.03 200
4435.01 200
4501.03 200
4001.01 200
3723.03 200
4935.05 200
4654.01 200
4501.04 200
3942.03 200
3939.03 200
3844.03 200
3781.01 200
3778.01 200
4460.05 200
4457.05 200
4413.01 200
4121.05 200
4118.05 200
3997.01 200
3625.05 200
3603.03 200
4993.04 200
4727.01 200
4632.01 200
4629.01 200
4591.01 200
4588.01 200
4511.02 200
4121.06 200
4118.06 200
3876.03 200
4508.03 200
4081.04 200
4078.04 200
3975.01 200
3920.04 200
3917.04 200
4664.01 200
4610.01 200
4566.01 200
4078.05 200
3854.03 200
3644 200
3636.01 200
4901.02 200
4705.02 200
4610.02 200
4468.02 200
4493.04 200
4471.02 200
4034.02 200
3822.06 200
3756.04 200
3645 200
4931 200
4642.01 200
4639.01 200
4544.01 200
4056.05 200
4012.01 200
4009.01 200
3832.03 200
3829.03 200
3734.03 200
5005.04 200
4923.06 200
4919 200
4132.04 200
3985.01 200
3789.01 200
5037.03 200
4956.02 200
4620.01 200
4617.01 200
4132.05 200
4129.05 200
4092.02 200
4089.02 200
4034.05 200
4012.03 200
3905.03 200
3792.02 200
3734.05 200
3712.03 200
3709.03 200
4697.01 200
4599.01 200
4519.02 200
3963.01 200
3890.03 200
3887.03 200
3770.01 200
3767.01 200
4446.05 200
4110.05 200
4107.05 200
4092.04 200
4022.01 200
4019.01 200
3614.05 200
4675.01 200
4580.01 200
4577.01 200
4446.06 200
4110.06 200
4107.06 200
4099.01 200
4089.05 200
4022.02 200
4019.02 200
4909.02 200
4434.01 200
4000.01 200
3865.04 200
4934.05 200
4653.01 200
4555.01 200
4500.04 200
3941.03 200
3938.03 200
3843.03 200
3780.01 200
3777.01 200
4412.01 200
4143.04 200
4099.04 200
3996.01 200
3624.05 200
3602.03 200
4992.04 200
4970.02 200
4967.02 200
4726.01 200
4631.01 200
4628.01 200
4587.01 200
4533.01 200
4055.01 200
3745.05 200
3701 200
4080.04 200
4077.04 200
4055.02 200
3974.01 200
3916.04 200
3898.03 200
3679.04 200
4606.01 200
4565.01 200
4489.03 200
4080.05 200
3679.05 200
4729 200
4704.02 200
4686.01 200
4470.02 200
4492.04 200
4033.02 200
3821.06 200
3755.04 200
4999.04 200
4957 200
4543.01 200
4011.01 200
4008.01 200
3831.03 200
3828.03 200
3733.03 200
5004.04 200
4958 200
4530 200
3984.01 200
3949.03 200
3791.01 200
3788.01 200
4959 200
4955.02 200
4616.01 200
4531 200
4128.05 200
4091.02 200
4088.02 200
4033.05 200
4011.03 200
3733.05 200
3711.03 200
3708.03 200
4696.01 200
4598.01 200
4518.02 200
3962.01 200
3959.01 200
3930.03 200
3886.03 200
3766.01 200
3668.01 200
4933.02 200
4106.05 200
4091.04 200
4088.04 200
3927.04 200
3766.02 200
3613.05 200
4576.01 200
4445.06 200
4098.01 200
4715.02 200
4478.02 200
4044.02 200
3864.04 200
4652.01 200
4649.01 200
4554.01 200
4066.05 200
3940.03 200
3937.03 200
3842.03 200
3839.03 200
3744.03 200
4933.06 200
4411.01 200
4481.04 200
4142.04 200
4098.04 200
3995.01 200
3601.03 200
4966.02 200
4725.01 200
4630.01 200
4627.01 200
4532.01 200
4142.05 200
4139.05 200
4076.03 200
3915.03 200
3744.05 200
3722.03 200
3719.03 200
3700.01 200
4117.04 200
4054.02 200
3973.01 200
3897.03 200
3681.04 200
4605.01 200
4488.03 200
4456.05 200
4120.05 200
4076.05 200
3681.05 200
3634.01 200
4919.01 200
4703.02 200
4685.01 200
4491.04 200
4510.02 200
4120.06 200
4117.06 200
4032.02 200
4029.02 200
3875.03 200
3754.04 200
4542.01 200
4539.01 200
4510.03 200
4507.03 200
4010.01 200
4007.01 200
3875.04 200
3732.03 200
3729.03 200
5003.04 200
4944.05 200
4663.01 200
4130.04 200
4087.01 200
3948.03 200
3853.03 200
3790.01 200
3787.01 200
3732.04 200
3700.06 200
4954.02 200
4900.02 200
4466.05 200
4130.05 200
4127.05 200
4090.02 200
4032.05 200
4029.05 200
3710.03 200
3707.03 200
4695.01 200
4641.01 200
4638.01 200
4597.01 200
4520.02 200
4517.02 200
3885.03 200
4932.02 200
4105.05 200
4090.04 200
4087.04 200
3926.04 200
3765.02 200
3612.05 200
3609.05 200
4910.01 200
4673.01 200
4575.01 200
4444.06 200
4105.06 200
3904.03 200
4714.02 200
4499.04 200
4477.02 200
4043.02 200
3863.04 200
3667.04 200
4651.01 200
4648.01 200
4553.01 200
4065.05 200
4021.01 200
4018.01 200
3936.03 200
3841.03 200
3838.03 200
3743.03 200
4932.06 200
4480.04 200
4141.04 200
4021.02 200
4018.02 200
3994.01 200
4965.02 200
4724.01 200
4626.01 200
4433.01 200
4141.05 200
3914.03 200
3743.05 200
3721.03 200
3718.03 200
4116.04 200
4053.02 200
3972.01 200
3969.01 200
3896.03 200
3776.01 200
3680.04 200
4604.01 200
4455.05 200
3680.05 200
3633.01 200
3623.05 200
4918.01 200
4702.02 200
4684.01 200
4586.01 200
4116.06 200
4031.02 200
4028.02 200
3874.03 200
4506.03 200
4053.05 200
4006.01 200
3874.04 200
5002.04 200
4943.05 200
4662.01 200
4659.01 200
4564.01 200
3947.03 200
3852.03 200
3849.03 200
3786.01 200
4465.05 200
4031.05 200
4028.05 200
3706.03 200
4998.04 200
4640.01 200
4637.01 200
4596.01 200
3830.03 200
3827.03 200
3706.04 200
4104.05 200
4086.04 200
3983.01 200
3925.04 200
3820 200
3611.05 200
3608.05 200
4615.01 200
4574.01 200
4443.06 200
4104.06 200
3903.03 200
3859.03 200
3821 200
4906.02 200
4713.02 200
4498.04 200
4476.02 200
4042.02 200
3961.01 200
3958.01 200
3862.04 200
3822 200
3809 200
4650.01 200
4647.01 200
4549.01 200
4476.03 200
4552.01 200
4064.05 200
4020.01 200
4017.01 200
3840.03 200
3837.03 200
3823 200
3742.03 200
3739.03 200
4042.04 200
4020.02 200
4017.02 200
4964.02 200
4625.01 200
4432.01 200
4429.01 200
4140.05 200
4039.05 200
3742.05 200
3739.05 200
3720.03 200
3717.03 200
4115.04 200
3971.01 200
3968.01 200
3895.03 200
3775.01 200
4603.01 200
4454.05 200
4097.04 200
3632.01 200
3629.01 200
3622.05 200
3619.05 200
3600.03 200
4939.03 200
4917.01 200
4683.01 200
4585.01 200
4115.06 200
4075.03 200
4030.02 200
4027.02 200
3873.03 200
4505.03 200
4005.01 200
3873.04 200
3699.06 200
5001.04 200
4942.05 200
4939.05 200
4899.02 200
4661.01 200
4658.01 200
4563.01 200
4487.03 200
4075.05 200
3946.03 200
3851.03 200
3848.03 200
3785.01 200
4428 200
4490.04 200
4030.05 200
4027.05 200
3753.04 200
4997.04 200
4975.02 200
4636.01 200
4541.01 200
4538.01 200
3731.03 200
3728.03 200
4085.04 200
3982.01 200
3924.04 200
3731.04 200
3610.05 200
3607.05 200
4953.02 200
4614.01 200
4573.01 200
4126.05 200
4085.05 200
3979.02 200
3902.03 200
3763.03 200
3643.01 200
4712.02 200
4709.02 200
4694.01 200
4475.02 200
4497.04 200
4516.02 200
4038.02 200
3960.01 200
3957.01 200
3884.03 200
3634 200
4920 200
4551.01 200
4548.01 200
4475.03 200
4063.05 200
4016.01 200
3741.03 200
3738.03 200
3635 200
5009.04 200
4921 200
4672.01 200
4669.01 200
4136.04 200
4963.02 200
4928.04 200
4922 200
4431.01 200
4096.02 200
4038.05 200
4016.03 200
3796.02 200
3741.05 200
3738.05 200
3716.03 200
4923 200
4114.04 200
3970.01 200
3967.01 200
3935.03 200
3894.03 200
3774.01 200
4938.02 200
4931.06 200
4928.06 200
4924 200
4602.01 200
4453.05 200
4096.04 200
3621.05 200
3618.05 200
4941.03 200
4916.01 200
4723.01 200
4682.01 200
4679.01 200
4584.01 200
4114.06 200
4074.03 200
3913.03 200
3869.03 200
4504.03 200
4052.02 200
4049.02 200
3872.04 200
5000.04 200
4941.05 200
4938.05 200
4898.02 200
4660.01 200
4657.01 200
4562.01 200
4486.03 200
4559.01 200
4074.05 200
3945.03 200
3850.03 200
3847.03 200
4701.02 200
3752.04 200
3749.04 200
4996.04 200
4974.02 200
4701.03 200
4635.01 200
4540.01 200
4537.01 200
3825.03 200
3749.05 200
3730.03 200
3727.03 200
4084.04 200
3981.01 200
3923.04 200
4952.02 200
4464.05 200
4125.05 200
3978.02 200
3901.03 200
3705.03 200
3642.01 200
3639.01 200
4952.03 200
4711.02 200
4708.02 200
4693.01 200
4595.01 200
4474.02 200
4496.04 200
4515.02 200
4037.02 200
3956.01 200
3883.03 200
3705.04 200
4474.03 200
4103.05 200
4062.05 200
4059.05 200
4015.01 200
3740.03 200
3737.03 200
5008.04 200
4671.01 200
4668.01 200
4439.06 200
4135.04 200
4103.06 200
4927.04 200
4905.02 200
4430.01 200
4095.02 200
4037.05 200
4015.03 200
3861.04 200
3858.04 200
3795.02 200
3740.05 200
3737.05 200
3715.03 200
4930.05 200
4646.01 200

4937.02 453
4048 453
4940.03 453
4915.01 453
4048.01 453
4915.02 453
4051.02 875
4048.02 453
4915.03 453
4051.03 787
4048.03 453
4915.04 453
4146.04 775
4048.04 850
4915.05 775
4051.05 791
4068 453
4069 453
4770 453
4984.02 875
4069.01 453
4069.02 774
4959.03 931
4047.01 453
4838.05 859
4959.05 775
4047.04 453
4047.05 453
4947.02 815
4947.03 863
4925.04 775
4145 775
4068.01 787
4068.02 775
4835 791
4144.01 735
4046.01 775
4068.04 783
4914.01 453
4046.03 774
4914.02 453
4914.03 453
4046.05 453
4914.04 453
4914.05 453
3702.03 453
3684.03 875
3702.04 453
4946.05 775
4840.01 979
4067.03 453
4045.02 453
4067.04 453
4045.03 754
4837.03 835
4913.01 453
4913.02 453
4911 453
4045.04 775
4894.05 978
4913.03 453
4912 453
4913.04 453
4913.05 453
3683.05 453
4836.02 763
4912.01 453
4909.01 453
4836.04 775
4912.02 453
4909.02 453
4912.03 453
4909.03 453
4077.01 839
4912.04 453
4909.04 453
4909.05 453
4912.06 453
4909.06 453
4055.01 774
4055.02 782
4077.05 867
4956 774
4835.01 453
4908.01 453
4835.04 453
4044.01 453
4911.02 453
4908.02 453
4933.05 827
4044.02 775
4911.03 453
4908.03 453
4911.04 453
4908.04 453
4044.04 1031
4911.05 453
4908.05 453
4769.05 453
4054.01 811
4944.05 453
4878.04 979
3732.05 775
4929.01 774
4010.03 775
4929.02 453
4910.01 453
4138.01 775
4929.04 775
4834.04 731
4910.02 453
4929.05 774
4043.02 453
4910.03 453
4907.03 453
4043.03 453
4910.04 453
4907.04 453
4043.04 453
4910.05 453
4907.05 453
4043.05 453
4907.06 453
4043.06 453
4943.02 871
4943.03 774
4943.05 774
4086.02 826
4039.02 739
4137.04 775
4039.06 1011
4942.02 1222
4942.03 774
4939.03 453
4942.05 775
4041.01 807
4041.02 1031
4931.02 787
4908 453
4770.01 453
4909 453
4770.02 453
4041.04 774
4038.04 811
4770.03 453
4038.06 453
4938.04 453
4941.05 453
4929 911
4052.05 774
3686.03 774
3730.04 453
4084.05 775
4945 906
4040.01 775
4040.02 743
4040.04 930
4047 453
